0000
0001
0010
0011
0100
0101
0110
0111
0000
1001
1010
1011
1100
1101
1110
1111
0001
0010
0011
0100
0101
0110
0111
0000
0001
0000
1001
1010
1011
1100
1101
1110
0010
0011
0100
0101
0110
0111
0000
0001
0010
0001
0000
1001
1010
1011
1100
1101
0011
0100
0101
0110
0111
0000
0001
0010
0011
0010
0001
0000
1001
1010
1011
1100
0100
0101
0110
0111
0000
0001
0010
0011
0100
0011
0010
0001
0000
1001
1010
1011
0101
0110
0111
0000
0001
0010
0011
0100
0101
0100
0011
0010
0001
0000
1001
1010
0110
0111
0000
0001
0010
0011
0100
0101
0110
0101
0100
0011
0010
0001
0000
1001
0111
0000
0001
0010
0011
0100
0101
0110
0111
0110
0101
0100
0011
0010
0001
0000
1000
0001
0010
0011
0100
0101
0110
0111
1000
1001
1010
1011
1100
1101
1110
1111
1001
1000
0001
0010
0011
0100
0101
0110
1001
1010
1011
1100
1101
1110
1111
1000
1010
1001
1000
0001
0010
0011
0100
0101
1010
1011
1100
1101
1110
1111
1000
1001
1011
1010
1001
1000
0001
0010
0011
0100
1011
1100
1101
1110
1111
1000
1001
1010
1100
1011
1010
1001
1000
0001
0010
0011
1100
1101
1110
1111
1000
1001
1010
1011
1101
1100
1011
1010
1001
1000
0001
0010
1101
1110
1111
1000
1001
1010
1011
1100
1110
1101
1100
1011
1010
1001
1000
0001
1110
1111
1000
1001
1010
1011
1100
1101
1111
1110
1101
1100
1011
1010
1001
1000
1111
1000
1001
1010
1011
1100
1101
1110
